State,Year,Democrat Votes,Democrat EC,Republican Votes,Republican EC,Third Party Votes,Third Party EC,Vote Margin (ABS),Vote Margin,Total Votes Minus Third Party,Total Votes,Total EC,Registered Voters
Alabama,2016,729547,,1318255,9,75570,,588708,-588708,2047802,2123372,9,3609447
Alaska,2016,116454,,163387,3,38767,,46933,-46933,279841,318608,3,522679
Arizona,2016,1161167,,1252401,11,159597,,91234,-91234,2413568,2573165,11,4740310
Arkansas,2016,380494,,684872,6,65269,,304378,-304378,1065366,1130635,6,2140097
California,2016,8753788,55,4483810,,943997,,4269978,4269978,13237598,14181595,55,25104844
Colorado,2016,1338870,9,1202484,,238893,,136386,136386,2541354,2780247,9,3974405
Connecticut,2016,897572,7,673215,,74133,,224357,224357,1570787,1644920,7,2582761
Delaware,2016,235603,3,185127,,23084,,50476,50476,420730,443814,3,691720
District of Columbia,2016,282830,3,12723,,15715,,270107,270107,295553,311268,3,515248
Florida,2016,4504975,,4617886,29,297178,,112911,-112911,9122861,9420039,29,14601066
Georgia,2016,1877963,,2089104,16,147665,,211141,-211141,3967067,4114732,16,6959963
Hawaii,2016,266891,3,128847,,33199,1,138044,138044,395738,428937,4,1012860
Idaho,2016,189765,,409055,4,91435,,219290,-219290,598820,690255,4,1166706
Illinois,2016,3090729,20,2146015,,299680,,944714,944714,5236744,5536424,20,8985443
Indiana,2016,1033126,,1557286,11,144546,,524160,-524160,2590412,2734958,11,4849937
Iowa,2016,653669,,800983,6,111379,,147314,-147314,1454652,1566031,6,2288536
Kansas,2016,427005,,671018,6,86379,,244013,-244013,1098023,1184402,6,2054025
Kentucky,2016,628854,,1202971,8,92324,,574177,-574117,1831825,1924149,8,3282420
Louisiana,2016,780154,,1178638,8,70240,,398484,-398484,1958792,2029032,8,3384435
Maine,2016,357735,3,335593,1,54599,,22142,22142,693328,747927,4,1058372
Maryland,2016,1677928,10,943169,,160349,,734759,734759,2621097,2781446,10,4189616
Massachusetts,2016,1995196,11,1090893,,238957,,904303,904303,3086089,3325046,11,4948028
Michigan,2016,2268839,,2279543,16,250902,,10704,-10704,4548382,4799284,16,7420628
Minnesota,2016,1367716,10,1322951,,254146,,44765,44765,2690667,2944813,10,3973204
Mississippi,2016,485131,,700714,6,23512,,215583,-215583,1185845,1209357,6,2191241
Missouri,2016,1071068,,1594511,10,143026,,523443,-523443,2665579,2808605,10,4517925
Montana,2016,177709,,279240,3,40198,,101531,-101531,456949,497147,3,804250
Nebraska,2016,284494,,495961,5,63772,,211467,-211467,780455,844227,5,1343821
Nevada,2016,539260,6,512058,,74067,,27202,27202,1051318,1125385,6,1961587
New Hampshire,2016,348526,4,345790,,49980,,2736,2736,694316,744296,4,1042795
New Jersey,2016,2148278,14,1601933,,123835,,546345,546345,3750211,3874046,14,6013656
New Mexico,2016,385234,5,319667,,93418,,65567,65567,704901,798319,5,1464515
New York,2016,4556124,29,2819534,,345795,,1736590,1736590,7375658,7721453,29,13604645
North Carolina,2016,2189316,,2362631,15,189617,,173315,-173315,4551947,4741564,15,7352501
North Dakota,2016,93758,,216794,3,33808,,123036,-123036,310552,344360,3,566783
Ohio,2016,2394164,,2841005,18,261318,,446841,-446841,5235169,5496487,18,8736808
Oklahoma,2016,420375,,949136,7,83481,,528761,-528761,1369511,1452992,7,2778219
Oregon,2016,1002106,7,782403,,216827,,219703,219703,1784509,2001336,7,3024174
Pennsylvania,2016,2926441,,2970733,20,268304,,44292,-44292,5897174,6165478,20,9691160
Rhode Island,2016,252525,4,180543,,31076,,71982,71982,433068,464144,4,786012
South Carolina,2016,855373,,1155389,9,92265,,300016,-300016,2010762,2103027,9,3709283
South Dakota,2016,117458,,227721,3,24914,,110263,-110263,345179,370093,3,631173
Tennessee,2016,870695,,1522925,11,114407,,652230,-652230,2393620,2508027,11,4909426
Texas,2016,3877868,,4685047,36,406311,2,807179,-807179,8562915,8969226,38,17448910
Utah,2016,310676,,515231,6,305523,,204555,-204555,825907,1131430,6,1991885
Vermont,2016,178573,3,95369,,41125,,83204,83204,273942,315067,3,494871
Virginia,2016,1981473,13,1769443,,233715,,212030,212030,3750916,3984631,13,6027152
Washington,2016,1742718,8,1221747,,352554,4,520971,520971,2964465,3317019,12,5123020
West Virginia,2016,188794,,489371,5,36258,,300577,-300577,678165,714423,5,1423031
Wisconsin,2016,1382536,,1405284,10,188330,,22748,-22748,2787820,2976150,10,4285071
Wyoming,2016,55973,,174419,3,25457,,118446,-118446,230392,255849,3,429682
Alabama,2012,795696,,1255925,9,22717,,460229,-460229,2051621,2074338,9,3539217
Alaska,2012,122640,,164676,3,13179,,42036,-42036,287316,300495,3,511792
Arizona,2012,1025232,,1233654,11,40368,,208422,-208422,2258886,2299254,11,4387900
Arkansas,2012,394409,,647744,6,27315,,253335,-253335,1042153,1069468,6,2109847
California,2012,7854285,55,4839958,,344304,,3014327,3014327,12694243,13038547,55,23681837
Colorado,2012,1323101,9,1185243,,61174,,137858,137858,2508344,2569518,9,3675871
Connecticut,2012,905083,7,634892,,18985,,270191,270191,1539975,1558960,7,2543202
Delaware,2012,242584,3,165484,,5853,,77100,77100,408068,413921,3,663967
District of Columbia,2012,267070,3,21381,,5313,,245689,245689,288451,293764,3,477582
Florida,2012,4237756,29,4163447,,72976,,74309,74309,8401203,8474179,29,13495057
Georgia,2012,1773827,,2078688,16,47535,,304861,-304861,3852515,3900050,16,6606607
Hawaii,2012,306658,4,121015,,7024,,185643,185643,427673,434697,4,982902
Idaho,2012,212787,,420911,4,18576,,208124,-208124,633698,652274,4,1091410
Illinois,2012,3019512,20,2135216,,87286,,884296,884296,5154728,5242014,20,8899143
Indiana,2012,1152887,,1420543,11,51104,,267656,-267656,2573430,2624534,11,4755291
Iowa,2012,822544,6,730617,,29019,,91927,91927,1553161,1582180,6,2251748
Kansas,2012,440726,,692634,6,26611,,251908,-251908,1133360,1159971,6,2030686
Kentucky,2012,679370,,1087190,8,30652,,407820,-407820,1766560,1797212,8,3229185
Louisiana,2012,809141,,1152262,8,32662,,343121,-343121,1961403,1994065,8,3311626
Maine,2012,401306,4,292276,,19598,,109030,109030,693582,713180,4,1046008
Maryland,2012,1677844,10,971869,,57614,,705975,705975,2649713,2707327,10,4063582
Massachusetts,2012,1921290,11,1188314,,58163,,732976,732976,3109604,3167767,11,4809675
Michigan,2012,2564569,16,2115256,,51136,,449313,449313,4679825,4730961,16,7312725
Minnesota,2012,1546167,10,1320225,,70169,,225942,225942,2866392,2936561,10,3861598
Mississippi,2012,562949,,710746,6,11889,,147797,-147797,1273695,1285584,6,2166825
Missouri,2012,1223796,,1482440,10,51087,,258644,-258644,2706236,2757323,10,4432957
Montana,2012,201839,,267928,3,14281,,66089,-66089,469767,484048,3,774476
Nebraska,2012,302081,,475064,5,17234,,172983,-172983,777145,794379,5,1316915
Nevada,2012,531373,6,463567,,19978,,67806,67806,994940,1014918,6,1800969
New Hampshire,2012,369561,4,329918,,11493,,39643,39643,699479,710972,4,1013420
New Jersey,2012,2125101,14,1477568,,37623,,647533,647533,3602669,3640292,14,5918182
New Mexico,2012,415335,5,335788,,32635,,79547,79547,751123,783758,5,1436363
New York,2012,4485741,29,2490431,,104987,,1995310,1995310,6976172,7081159,29,13324107
North Carolina,2012,2178391,,2270395,15,56586,,92004,-92004,4448786,4505372,15,6947954
North Dakota,2012,124827,,188163,3,9637,,63336,-63336,312990,322627,3,539164
Ohio,2012,2827709,18,2661437,,91701,,166272,166272,5489146,5580847,18,8649495
Oklahoma,2012,443547,,891325,7,0,,447778,-447778,1334872,1334872,7,2713268
Oregon,2012,970488,7,754175,,64607,,216313,216313,1724663,1789270,7,2836101
Pennsylvania,2012,2990274,20,2680434,,82962,,309840,309840,5670708,5753670,20,9651432
Rhode Island,2012,279677,4,157204,,9168,,122473,122473,436881,446049,4,768918
South Carolina,2012,865941,,1071645,9,26532,,205704,-205704,1937586,1964118,9,3486838
South Dakota,2012,145039,,210610,3,8166,,65571,-65571,355649,363815,3,613190
Tennessee,2012,960709,,1462330,11,35538,,501621,-501621,2423039,2458577,11,4736084
Texas,2012,3308124,,4569843,38,115884,,1261719,-1261719,7877967,7993851,38,16119973
Utah,2012,251813,,740600,6,25027,,488787,-488787,992413,1017440,6,1833339
Vermont,2012,199239,3,92698,,7353,,106541,106541,291937,299290,3,493355
Virginia,2012,1971820,13,1822522,,60147,,149298,149298,3794342,3854489,13,5834676
Washington,2012,1755396,12,1290670,,79450,,464726,464726,3046066,3125516,12,4822060
West Virginia,2012,238269,,417655,5,14514,,179386,-179386,655924,670438,5,1447066
Wisconsin,2012,1620985,10,1407966,,39483,,213019,213019,3028951,3068434,10,4209370
Wyoming,2012,69286,,170962,3,8813,,101676,-101676,240248,249061,3,425142
Alabama,2008,813479,,1266546,9,19794,,453067,-453067,2080025,2099819,9,3454510
Alaska,2008,123594,,193841,3,8762,,70247,-70247,317435,326197,3,479429
Arizona,2008,1034707,,1230111,10,28657,,195404,-195404,2264818,2293475,10,4046075
Arkansas,2008,422310,,638017,6,26290,,215707,-215707,1060327,1086617,6,2071563
California,2008,8274473,55,5011781,,275646,,3262692,3262692,13286254,13561900,55,22261504
Colorado,2008,1288633,9,1073629,,39200,,215004,215004,2362262,2401462,9,3382959
Connecticut,2008,997772,7,629428,,19597,,368344,368344,1627200,1646797,7,2471082
Delaware,2008,255459,3,152374,,4579,,103085,103085,407833,412412,3,628200
District of Columbia,2008,245800,3,17367,,2686,,228433,228433,263167,265853,3,432566
Florida,2008,4282074,27,4045624,,63046,,236450,236450,8327698,8390744,27,12687407
Georgia,2008,1844123,,2048759,15,31604,,204636,-204636,3892882,3924486,15,6281872
Hawaii,2008,325871,4,120566,,7131,,205305,205305,446437,453568,4,930067
Idaho,2008,236440,,403012,4,15670,,166572,-166572,639452,655122,4,1029416
Illinois,2008,3419348,21,2031179,,71844,,1388169,1388169,5450527,5522371,21,8681138
Indiana,2008,1374039,11,1345648,,31367,,28391,28391,2719687,2751054,11,4653019
Iowa,2008,828940,7,682379,,25804,,146561,146561,1511319,1537123,7,2216094
Kansas,2008,514765,,699655,6,21452,,184890,-184890,1214420,1235872,6,1991759
Kentucky,2008,751985,,1048462,8,26173,,296477,-296477,1800447,1826620,8,3152629
Louisiana,2008,782989,,1148275,9,29497,,365286,-365286,1931264,1960761,9,3205794
Maine,2008,421923,4,295273,,13967,,126650,126650,717196,731163,4,1036242
Maryland,2008,1629467,10,959862,,42267,,669605,669605,2589329,2631596,10,3925117
Massachusetts,2008,1904097,12,1108854,,68034,,795243,795243,3012951,3080985,12,4612550
Michigan,2008,2872579,17,2048639,,80548,,823940,823940,4921218,5001766,17,7229512
Minnesota,2008,1573354,10,1275409,,61606,,297945,297945,2848763,2910369,10,3740142
Mississippi,2008,554662,,724597,6,10606,,169935,-169935,1279259,1289865,6,2113347
Missouri,2008,1441911,,1445814,11,37480,,3903,-3903,2887725,2925205,11,4327572
Montana,2008,231667,,242763,3,15872,,11096,-11096,474430,490302,3,741853
Nebraska,2008,333319,1,452979,4,14983,,119660,-119660,786298,801281,5,1274719
Nevada,2008,533736,5,412827,,21285,,120909,120909,946563,967848,5,1696831
New Hampshire,2008,384826,4,316534,,9610,,68292,68292,701360,710970,4,992226
New Jersey,2008,2215422,15,1613207,,39608,,602215,602215,3828629,3868237,15,5776527
New Mexico,2008,472422,5,346832,,10904,,125590,125590,819254,830158,5,1362629
New York,2008,4804945,31,2752771,,83215,,2052174,2052174,7557716,7640931,31,12948969
North Carolina,2008,2142651,15,2128474,,39664,,14177,14177,4271125,4310789,15,6584302
North Dakota,2008,141278,,168601,3,6742,,27323,-27323,309879,316621,3,504762
Ohio,2008,2940044,20,2677820,,90486,,262224,262224,5617864,5708350,20,8513079
Oklahoma,2008,502496,,960165,7,0,,457669,-457669,1462661,1462661,7,2619121
Oregon,2008,1037291,7,738475,,52098,,298816,298816,1775766,1827864,7,2700327
Pennsylvania,2008,3276363,21,2655885,,81024,,620478,620478,5932248,6013272,21,9457942
Rhode Island,2008,296571,4,165391,,9804,,131180,131180,461962,471766,4,763608
South Carolina,2008,862449,,1034896,8,23624,,172447,-172447,1897345,1920969,8,3311044
South Dakota,2008,170924,,203054,3,7997,,32130,-32130,373978,381975,3,590720
Tennessee,2008,1087437,,1479178,11,33134,,391741,-391741,2566615,2599749,11,4563192
Texas,2008,3528633,,4479328,34,69834,,950695,-950695,8007961,8077795,34,14929810
Utah,2008,327670,,596030,5,28670,,268360,-268360,923700,952370,5,1700286
Vermont,2008,219262,3,98974,,6810,,120288,120288,318236,325046,3,482677
Virginia,2008,1959532,13,1725005,,38723,,234527,234527,3684537,3723260,13,5555415
Washington,2008,1750848,11,1229216,,56814,,521632,521632,2980064,3036878,11,4561163
West Virginia,2008,303857,,397466,5,12128,,93609,-93609,701323,713451,5,1430439
Wisconsin,2008,1677211,10,1262393,,43813,,414818,414818,2939604,2983417,10,4120694
Wyoming,2008,82868,,164958,3,6832,,82090,-82090,247826,254658,3,405732
Alabama,2004,693933,,1176394,9,13122,,482461,-482461,1870327,1883449,9,3292608
Alaska,2004,111025,,190889,3,10684,,79864,-79864,301914,312598,3,452124
Arizona,2004,893524,,1104294,10,14767,,210770,-210770,1997818,2012585,10,3717055
Arkansas,2004,469953,,572898,6,12094,,102945,-102945,1042851,1054945,6,1969208
California,2004,6745485,55,5509826,,166042,,1235659,1235659,12255311,12421353,55,21132533
Colorado,2004,1001732,,1101255,9,27343,,99523,-99523,2102987,2130330,9,3192647
Connecticut,2004,857488,7,693826,,27455,,163662,163662,1551314,1578769,7,2429634
Delaware,2004,200152,3,171660,,3378,,28492,28492,371812,375190,3,584817
District of Columbia,2004,202970,3,21256,,3360,,181714,181714,224226,227586,3,419142
Florida,2004,3583544,,3964522,27,61744,,380978,-380978,7548066,7609810,27,11811921
Georgia,2004,1366149,,1914254,15,21472,,548105,-548105,3280403,3301875,15,5878186
Hawaii,2004,231708,4,194191,,3114,,37517,37517,425899,429013,4,889540
Idaho,2004,181098,,409235,4,8114,,228137,-228137,590333,598447,4,946160
Illinois,2004,2891550,21,2345946,,36826,,545604,545604,5237496,5274322,21,8576696
Indiana,2004,969011,,1479438,11,19553,,510427,-510427,2448449,2468002,11,4504260
Iowa,2004,741898,,751957,7,13053,,10059,-10059,1493855,1506908,7,2156389
Kansas,2004,434993,,736456,6,16307,,301463,-301463,1171449,1187756,6,1928764
Kentucky,2004,712733,,1069439,8,13710,,356706,-356706,1782172,1795882,8,3057741
Louisiana,2004,820299,,1102169,9,20638,,281870,-281870,1922468,1943106,9,3182762
Maine,2004,396842,4,330201,,13709,,66641,66641,727043,740752,4,1003792
Maryland,2004,1334493,10,1024703,,27482,,309790,309790,2359196,2386678,10,3797264
Massachusetts,2004,1803800,12,1071109,,37479,,732691,732691,2874909,2912388,12,4533859
Michigan,2004,2479183,17,2313746,,46323,,165437,165437,4792929,4839252,17,7263024
Minnesota,2004,1445014,9,1346695,,36678,,98319,98319,2791709,2828387,9,3609185
Mississippi,2004,458094,,684981,6,9070,,226887,-226887,1143075,1152145,6,2068766
Missouri,2004,1259171,,1455713,11,16480,,196542,-196542,2714884,2731364,11,4180960
Montana,2004,173710,,266063,3,10672,,92353,-92353,439773,450445,3,699114
Nebraska,2004,254328,,512814,5,11044,,258486,-258486,767142,778186,5,1236522
Nevada,2004,397190,,418690,5,13707,,21500,-21500,815880,829587,5,1501437
New Hampshire,2004,340511,4,331237,,5990,,9274,9274,671748,677738,4,956422
New Jersey,2004,1911430,15,1670003,,30258,,241427,241427,3581433,3611691,15,5663201
New Mexico,2004,370942,,376930,5,8432,,5988,-5988,747872,756304,5,1282767
New York,2004,4314280,31,2962567,,114189,,1351713,1351713,7276847,7391036,31,12738056
North Carolina,2004,1525849,,1961166,15,13992,,435317,-435317,3487015,3501007,15,6055771
North Dakota,2004,111052,,196651,3,5130,,85599,-85599,307703,312833,3,482722
Ohio,2004,2741167,,2859768,20,26973,,118601,-118601,5600935,5627908,20,8427696
Oklahoma,2004,503966,,959792,7,0,,455826,-455826,1463758,1463758,7,2510823
Oregon,2004,943163,7,866831,,26788,,76332,76332,1809994,1836782,7,2550887
Pennsylvania,2004,2938095,21,2793847,,37648,,144248,144248,5731942,5769590,21,9221962
Rhode Island,2004,259765,4,169046,,8323,,90719,90719,428811,437134,4,747046
South Carolina,2004,661699,,937974,8,18057,,276275,-276275,1599673,1617730,8,3055098
South Dakota,2004,149244,,232584,3,6387,,83340,-83340,381828,388215,3,569161
Tennessee,2004,1036477,,1384375,11,16467,,347898,-347898,2420852,2437319,11,4328446
Texas,2004,2832704,,4526917,34,51144,,1694213,-1694213,7359621,7410765,34,13796256
Utah,2004,241199,,663742,5,22903,,422543,-422543,904941,927844,5,1574463
Vermont,2004,184067,3,121180,,7062,,62887,62887,305247,312309,3,470754
Virginia,2004,1454742,,1716959,13,26666,,262217,-262217,3171701,3198367,13,5277156
Washington,2004,1510201,11,1304894,,43989,,205307,205307,2815095,2859084,11,4272914
West Virginia,2004,326541,,423778,5,5568,,97237,-97237,750319,755887,5,1396545
Wisconsin,2004,1489504,10,1478120,,29383,,11384,11384,2967624,2997007,10,4006948
Wyoming,2004,70776,,167629,3,5023,,96853,-96853,238405,243428,3,370785
Alabama,2000,692611,,941173,9,32488,,248562,-248562,1633784,1666272,9,3241682
Alaska,2000,79004,,167398,3,39158,,88394,-88394,246402,285560,3,419111
Arizona,2000,685341,,781652,8,65023,,96311,-96311,1466993,1532016,8,3357701
Arkansas,2000,422768,,472940,6,26073,,50172,-50172,895708,921781,6,1925961
California,2000,5861203,54,4567429,,537224,,1293774,1293774,10428632,10965856,54,19685258
Colorado,2000,738227,,883748,8,119393,,145521,-145521,1621975,1741368,8,3026316
Connecticut,2000,816015,8,561094,,82416,,254921,254921,1377109,1459525,8,2357687
Delaware,2000,180068,3,137288,,10266,,42780,42780,317356,327622,3,554863
District of Columbia,2000,171923,3,18073,,11898,,153850,153850,189996,201894,3,416696
Florida,2000,2912253,,2912790,25,138067,,537,-537,5825043,5963110,25,10667193
Georgia,2000,1116230,,1419720,13,60854,,303490,-303490,2535950,2596804,13,5639668
Hawaii,2000,205286,4,137845,,24820,,67441,67441,343131,367951,4,832642
Idaho,2000,138637,,336937,4,26047,,198300,-198300,475574,501621,4,877406
Illinois,2000,2589026,22,2019421,,133676,,569605,569605,4608447,4742123,22,8432600
Indiana,2000,901980,,1245836,12,51486,,343856,-343856,2147816,2199302,12,4424909
Iowa,2000,638517,7,634373,,42673,,4144,4144,1272890,1315563,7,2082950
Kansas,2000,399276,,622332,6,50610,,223056,-223056,1021608,1072218,6,1927950
Kentucky,2000,638898,,872492,8,32797,,233594,-233594,1511390,1544187,8,2955628
Louisiana,2000,792344,,927871,9,45441,,135527,-135527,1720215,1765656,9,3130267
Maine,2000,319951,4,286616,,45250,,33335,33335,606567,651817,4,969292
Maryland,2000,1145782,10,813797,,65901,,331985,331985,1959579,2025480,10,3649631
Massachusetts,2000,1616487,12,878502,,207995,,737985,737985,2494989,2702984,12,4517052
Michigan,2000,2170418,18,1953139,,108944,,217279,217279,4123557,4232501,18,7070702
Minnesota,2000,1168266,10,1109659,,160760,,58607,58607,2277925,2438685,10,3506432
Mississippi,2000,404614,,572844,7,16726,,168230,-168230,977458,994184,7,2024650
Missouri,2000,1111138,,1189924,11,58830,,78786,-78786,2301062,2359892,11,4052255
Montana,2000,137126,,240178,3,33693,,103052,-103052,377304,410997,3,667525
Nebraska,2000,231780,,433862,5,31377,,202082,-202082,665642,697019,5,1224178
Nevada,2000,279978,,301575,4,27417,,21597,-21597,581553,608970,4,1346116
New Hampshire,2000,266348,,273559,4,29174,,7211,-7211,539907,569081,4,890622
New Jersey,2000,1788850,15,1284173,,114203,,504677,504677,3073023,3187226,15,5601788
New Mexico,2000,286783,5,286417,,25405,,366,366,573200,598605,5,1234088
New York,2000,4107697,33,2403374,,310928,,1704323,1704323,6511071,6821999,33,12380208
North Carolina,2000,1257692,,1631163,14,22407,,373471,-373471,2888855,2911262,14,5744241
North Dakota,2000,95284,,174852,3,18120,,79568,-79568,270136,288256,3,477968
Ohio,2000,2186190,,2351209,21,168058,,165019,-165019,4537399,4705457,21,8295592
Oklahoma,2000,474276,,744337,8,15616,,270061,-270061,1218613,1234229,8,2475220
Oregon,2000,720342,7,713577,,100049,,6765,6765,1433919,1533968,7,2364402
Pennsylvania,2000,2485967,23,2281127,,146025,,204840,204840,4767094,4913119,23,9086897
Rhode Island,2000,249508,4,130555,,29049,,118953,118953,380063,409112,4,753877
South Carolina,2000,565561,,785937,8,31219,,220376,-220376,1351498,1382717,8,2944326
South Dakota,2000,118804,,190700,3,6765,,71896,-71896,309504,316269,3,548498
Tennessee,2000,981720,,1061949,11,32512,,80229,-80229,2043669,2076181,11,4162996
Texas,2000,2433746,,3799639,32,174252,,1365893,-1365893,6233385,6407637,32,13033081
Utah,2000,203053,,515096,5,52605,,312043,-312043,718149,770754,5,1431668
Vermont,2000,149022,3,119775,,25511,,29247,29247,268797,294308,3,459174
Virginia,2000,1217290,,1437490,13,84667,,220200,-220200,2654780,2739447,13,5069265
Washington,2000,1247652,11,1108864,,130917,,138788,138788,2356516,2487433,11,4098044
West Virginia,2000,295497,,336475,5,16152,,40978,-40978,631972,648124,5,1390365
Wisconsin,2000,1242987,11,1237279,,118341,,5708,5708,2480266,2598607,11,3842044
Wyoming,2000,60481,,147947,3,9923,,87466,-87466,208428,218351,3,361078
Alabama,1996,662165,,769044,9,103140,,106879,-106879,1431209,1534349,9,2470766
Alaska,1996,80380,,122746,3,38494,,42366,-42366,203126,241620,3,414815
Arizona,1996,653288,8,622073,,129044,,31215,31215,1275361,1404405,8,2244672
Arkansas,1996,475171,6,325416,,83675,,149755,149755,800587,884262,6,1369459
California,1996,5119835,54,3828380,,1071269,,1291455,1291455,8948215,10019484,54,15662075
Colorado,1996,671152,,691848,8,147704,,20696,-20696,1363000,1510704,8,2346253
Connecticut,1996,735740,8,483109,,173765,,252631,252631,1218849,1392614,8,1881323
Delaware,1996,140355,3,99062,,31428,,41293,41293,239417,270845,3,421710
District of Columbia,1996,158220,3,17339,,10167,,140881,140881,175559,185726,3,361419
Florida,1996,2546870,25,2244536,,512388,,302334,302334,4791406,5303794,25,8077877
Georgia,1996,1053849,,1080843,13,164379,,26994,-26994,2134692,2299071,13,3811284
Hawaii,1996,205012,4,113943,,41165,,91069,91069,318955,360120,4,544916
Idaho,1996,165443,,256595,4,69681,,91152,-91152,422038,491719,4,700430
Illinois,1996,2341744,22,1587021,,382626,,754723,754723,3928765,4311391,22,6663301
Indiana,1996,887424,,1006693,12,241725,,119269,-119269,1894117,2135842,12,3488088
Iowa,1996,620258,7,492644,,121173,,127614,127614,1112902,1234075,7,1776433
Kansas,1996,387659,,583245,6,103396,,195586,-195586,970904,1074300,6,1436418
Kentucky,1996,636614,8,623283,,128811,,13331,13331,1259897,1388708,8,2396086
Louisiana,1996,927837,9,712586,,143536,,215251,215251,1640423,1783959,9,2559352
Maine,1996,312788,4,186378,,106731,,126410,126410,499166,605897,4,1001292
Maryland,1996,966207,10,681530,,133133,,284677,284677,1647737,1780870,10,2587978
Massachusetts,1996,1571763,12,718107,,266915,,853656,853656,2289870,2556785,12,3459193
Michigan,1996,1989653,18,1481212,,377979,,508441,508441,3470865,3848844,18,6677079
Minnesota,1996,1120438,10,766476,,305726,,353962,353962,1886914,2192640,10,3067802
Mississippi,1996,394022,,439838,7,59997,,45816,-45816,833860,893857,7,1715913
Missouri,1996,1025935,11,890016,,242114,,135919,135919,1915951,2158065,11,3342849
Montana,1996,167922,,179652,3,59687,,11730,-11730,347574,407261,3,590751
Nebraska,1996,236761,,363467,5,77187,,126706,-126706,600228,677415,5,1015056
Nevada,1996,203974,4,199244,,61061,,4730,4730,403218,464279,4,778092
New Hampshire,1996,246214,4,196532,,56429,,49682,49682,442746,499175,4,754771
New Jersey,1996,1652329,15,1103078,,320400,,549251,549251,2755407,3075807,15,4320866
New Mexico,1996,273495,5,232751,,49828,,40744,40744,506246,556074,5,851479
New York,1996,3756177,33,1933492,,626460,,1822685,1822685,5689669,6316129,33,10162156
North Carolina,1996,1107849,,1225938,14,182020,,118089,-118089,2333787,2515807,14,4318008
North Dakota,1996,106905,,125050,3,34456,,18145,-18145,231955,266411,3,357000
Ohio,1996,2148222,21,1859883,,526329,,288339,288339,4008105,4534434,21,6879687
Oklahoma,1996,488105,,582315,8,136293,,94210,-94210,1070420,1206713,8,1979017
Oregon,1996,649641,7,538152,,189967,,111489,111489,1187793,1377760,7,1962155
Pennsylvania,1996,2215819,23,1801169,,489130,,414650,414650,4016988,4506118,23,6805612
Rhode Island,1996,233050,4,104683,,52551,,128367,128367,337733,390284,4,602692
South Carolina,1996,504051,,573458,8,71948,,69407,-69407,1077509,1149457,8,1814777
South Dakota,1996,139333,,150543,3,33950,,11210,-11210,289876,323826,3,459971
Tennessee,1996,909146,11,863530,,121429,,45616,45616,1772676,1894105,11,2849910
Texas,1996,2459683,,2736167,32,415794,,276484,-276484,5195850,5611644,32,10540678
Utah,1996,221633,,361911,5,82085,,140278,-140278,583544,665629,5,1050452
Vermont,1996,137894,3,80352,,40203,,57542,57542,218246,258449,3,385328
Virginia,1996,1091060,,1138350,13,187232,,47290,-47290,2229410,2416642,13,3322135
Washington,1996,1123323,11,840712,,289802,,282611,282611,1964035,2253837,11,3078128
West Virginia,1996,327812,5,233946,,74701,,93866,93866,561758,636459,5,1417000
Wisconsin,1996,1071971,11,845029,,279169,,226942,226942,1917000,2196169,11,2868000
Wyoming,1996,77934,,105388,3,28249,,27454,-27454,183322,211571,3,240711
Alabama,1992,690080,,804283,9,193697,,114203,-114203,1494363,1688060,9,3030549
Alaska,1992,78294,,102000,3,78212,,23706,-23706,180294,258506,3,389898
Arizona,1992,543050,,572086,8,371870,,29036,-29036,1115136,1487006,8,2671933
Arkansas,1992,505823,6,337324,,107506,,168499,168499,843147,950653,6,1751083
California,1992,5121325,54,3630574,,2379822,,1490751,1490751,8751899,11131721,54,18460157
Colorado,1992,629681,8,562850,,376649,,66831,66831,1192531,1569180,8,2494998
Connecticut,1992,682318,8,578313,,355701,,104005,104005,1260631,1616332,8,2356937
Delaware,1992,126054,3,102313,,61253,,23741,23741,228367,289620,3,499266
District of Columbia,1992,192619,3,20698,,14255,,171921,171921,213317,227572,3,427102
Florida,1992,2072698,,2173310,25,1068384,,100612,-100612,4246008,5314392,25,9506230
Georgia,1992,1008966,13,995252,,316915,,13714,13714,2004218,2321133,13,4766958
Hawaii,1992,179310,4,136822,,56710,,42488,42488,316132,372842,4,795148
Idaho,1992,137013,,202645,4,142456,,65632,-65632,339658,482114,4,734855
Illinois,1992,2453350,22,1734096,,862711,,719254,719254,4187446,5050157,22,8113900
Indiana,1992,848420,,989375,12,468076,,140955,-140955,1837795,2305871,12,4162678
Iowa,1992,586353,7,504891,,263363,,81462,81462,1091244,1354607,7,2057690
Kansas,1992,390434,,449951,6,316871,,59517,-59517,840385,1157256,6,1810750
Kentucky,1992,665104,8,617178,,210618,,47926,47926,1282282,1492900,8,2772600
Louisiana,1992,815971,9,733386,,240660,,82585,82585,1549357,1790017,9,2997301
Maine,1992,263420,4,206504,,209575,,56600,56916,469924,679499,4,915082
Maryland,1992,988571,10,707094,,289381,,281477,281477,1695665,1985046,10,3440015
Massachusetts,1992,1318662,12,805049,,649863,,513613,513613,2123711,2773574,12,4346897
Michigan,1992,1871182,18,1554940,,848551,,316242,316242,3426122,4274673,18,6786593
Minnesota,1992,1020997,10,747841,,579110,,273156,273156,1768838,2347948,10,3187255
Mississippi,1992,400258,,487793,7,93742,,87535,-87535,888051,981793,7,1854797
Missouri,1992,1053873,11,811159,,526238,,242714,242714,1865032,2391270,11,3792675
Montana,1992,154507,3,144207,,111869,,10300,10300,298714,410583,3,593345
Nebraska,1992,217344,,344346,5,177593,,127002,-127002,561690,739283,5,1149525
Nevada,1992,189148,4,175828,,141342,,13320,13320,364976,506318,4,940066
New Hampshire,1992,209040,4,202484,,125691,,6556,6556,411524,537215,4,814160
New Jersey,1992,1436206,15,1356865,,550523,,79341,79341,2793071,3343594,15,5398559
New Mexico,1992,261617,5,212824,,95545,,48793,48793,474441,569986,5,1073421
New York,1992,3444450,33,2346649,,1135826,,1097801,1097801,5791099,6926925,33,12227775
North Carolina,1992,1114042,,1134661,14,363147,,20619,-20619,2248703,2611850,14,5077494
North Dakota,1992,99168,,136244,3,72721,,37076,-37076,235412,308133,3,462631
Ohio,1992,1984942,21,1894310,,1060712,,90632,90632,3879252,4939964,21,8063595
Oklahoma,1992,473066,,592929,8,324364,,119863,-119863,1065995,1390359,8,2293931
Oregon,1992,621314,7,475757,,365572,,145557,145557,1097071,1462643,7,2144867
Pennsylvania,1992,2239164,23,1791841,,928805,,447323,447323,4031005,4959810,23,9010940
Rhode Island,1992,213299,4,131601,,108577,,81698,81698,344900,453477,4,721593
South Carolina,1992,479514,,577507,8,145506,,97993,-97993,1057021,1202527,8,2610725
South Dakota,1992,124888,,136718,3,74648,,11830,-11830,261606,336254,3,503759
Tennessee,1992,933521,11,841300,,207817,,92221,92221,1774821,1982638,11,3726024
Texas,1992,2281815,,2496071,32,1376132,,214256,-214256,4777886,6154018,32,11356487
Utah,1992,183429,,322632,5,237937,,119232,-139203,506061,743998,5,1162363
Vermont,1992,133592,3,88122,,67987,,45470,45470,221714,289701,3,419810
Virginia,1992,1038650,,1150517,13,369498,,111867,-111867,2189167,2558665,13,4622125
Washington,1992,993037,11,731234,,563294,,261803,261803,1724271,2287565,11,3575852
West Virginia,1992,331001,5,241974,,110702,,89027,89027,572975,683677,5,1365368
Wisconsin,1992,1041066,11,930855,,559193,,110211,110211,1971921,2531114,11,3619273
Wyoming,1992,68160,,79347,3,52377,,11187,-11187,147507,199884,3,324253
